MEGA MAN STAR FORCE 3: BLACK ACE

Galaxy Advance Damage Ranges
Starting Address: 0x000D5090

R-Type Record Slot: EM Wave Body
Base Value - - - - - - - - - - Max Value

Record Slot 00 = No Record Slot, always base value
Record Slot 87 unused

0x81: Spade Magnes GA
190 190 195 195 200 200 205 205 210 210 215 220

0x82: Diamond Ice GA
110 110 110 115 115 115 120 120 120 125 125 130

0x83: Club Strong GA
60 60 60 60 60 65 65 65 65 65 70

0x84: Queen Virgo GA
130 130 130 130 135 135 135 140 140 140 145 150

0x85: Jack Corvus GA
420 420 430 430 440 440 450 450 460 460 470 480

0x86: Dread Joker GA
390 390 395 395 400 400 410 410 420 420 430 450

0x8A: Acid Ace GA
310 310 310 320 320 320 330 330 330 340 340 350

0x88: Taurus Fire GA
300 310 320 320 330 330 340 340 350 360 370 380

0x8C: Cygnus Wing GA
320 320 330 330 340 340 350 360 370 380 390 400

0x8D: Wolf Woods GA
200 205 205 210 210 215 215 220 220 225 230 240

0x8B: Dark Phantom GA
370 370 380 380 390 390 400 410 420 430 440 450

0x00: Rogue GA
100 105 105 110 110 115 115 120 120 125 125 140

0x8E: Moon Destroyer GA
200 200 205 205 210 215 220 225 230 235 240 250

0x00: Apollo Flame GA
360 360 370 370 380 380 390 390 400 400 410 420

0x00: Sirius GA
280 280 290 290 300 300 310 310 320 320 330 340

0x00: Darkness Hole GA
510 510 520 530 540 550 560 570 580 590 600 620

0x00: Destroyer Missiles GA
55 55 55 55 55 55 60 60 60 60 65 70

0x00: Breaking Time Bomb GA
630 640 650 660 670 680 690 700 710 720 730 750

0x00: Ox Tackle GA
570 580 590 600 610 620 640 660 680 700 720 740

0x00: Yeti Blizzard GA
270 280 280 290 290 300 300 310 320 330 340 350

0x00: PLesio Surf GA
350 350 360 370 380 390 400 410 420 430 440 450

0x00: Terra Condor GA
110 115 115 120 120 125 125 130 130 135 140 150

0x00: Queen Ophiuca GA
330 330 340 340 350 350 360 360 370 380 390 400

0x00: Gemini Spark GA
170 170 175 175 180 180 185 185 190 190 200 210

0x00: Cancer Bubble GA
320 320 330 330 340 340 350 350 360 360 370 380

0x00: General Auriga GA
340 350 350 360 360 370 370 380 390 400 410 420

0x00: Libra Scales GA
180 180 185 185 190 190 195 195 200 205 210 220

0x00: Crown Thunder GA
420 430 430 440 440 450 450 460 470 480 490 500

0x00: Rocket Launch GA
370 370 380 380 390 390 400 400 410 410 420 430

0x00: Ice Hammer B GA
400 410 410 420 420 430 430 440 440 450 460 470

0x00: Strong Swing GA
100 100 105 105 110 110 115 115 120 120 125 130

0x00: Gorgon Eye GA
580 590 600 610 620 630 640 650 660 670 680 700

0x00: Gemini Thunder GA
430 430 440 440 450 450 460 460 470 470 480 500

0x00: Rogue Break GA
480 490 500 510 520 530 540 550 560 570 580 600

0x00: Avalanche GA
90 95 95 100 100 105 105 110 110 115 120 130

0x00: Flying Impact GA
530 540 550 560 570 580 590 600 610 620 630 650

0x00: Torrent Wave GA
430 440 450 460 470 480 490 500 510 520 530 550

0x00: Holy Light GA
100 100 105 105 110 110 115 115 120 120 125 140

0x00: Wicked Flame GA
120 120 125 125 130 130 135 135 140 140 145 150