???

20 00 80 06 01 00 00 00 A0 38 (+SprdSht/180)


???

20 00 80 06 01 00 00 00 6A 38 (HP+200/310)


???

20 00 80 06 01 00 00 00 05 20 (SrchEye)


???

20 00 80 06 01 00 00 00 01 28 (HPMem20)


???

20 00 AC 00 0C FE 00 00
20 00 9C FF 3C FE 00 00


???

20 00 80 06 01 00 00 00 19 00 (SyncHook3)


???

20 00 14 00 84 00 40 00 20 00 78 01 28 00 40 00


???

20 00 A8 01 B8 00 00 00 17 00 C0 00 58 FF 00 00


???

20 00 80 06 01 00 00 00 B3 38 (Reflect/200)


???

20 00 64 FE 74 FF 00 00
20 00 24 FF 54 FE 00 00


???

20 00 80 06 01 00 00 00 1C 00 (BlackInk)


???

20 00 80 06 01 00 00 00 00 28 (HPMem10)


???

20 00 80 06 01 00 00 00 A2 38 (+IcePnl/210)


???

20 00 80 06 D0 07 00 00 00 08 (2000z)


???

20 00 80 06 01 00 00 00 0A 00 (DrillArm2)


???

20 00 80 06 01 00 00 00 06 00 (AirSpread2)


???

20 00 80 06 01 00 00 00 00 28 (HPMem10)


???

20 00 80 06 01 00 00 00 6D 38 (HP+400/490)


???

20 00 1C FD 3C 00 00 00
20 00 DC FD 7C FF 00 00


???

20 00 80 06 01 00 00 00 02 20 (D.Enrgy)


???

20 00 24 00 F4 00 00 00
20 00 24 00 F4 00 00 00


???

20 00 0A FE 5E 01 00 00
20 00 46 00 8A 01 00 00


???

20 00 80 06 01 00 00 00 03 00 (HevyCannon)


???

20 00 80 06 01 00 00 00 0B 00 (DrillArm3)


???

20 00 88 00 F8 FC 00 00
20 00 70 FF 00 03 00 00


???

20 00 5A FE 9E 00 00 00
20 00 F8 FC 88 00 00 00


???

20 00 80 06 01 00 00 00 AB 38 (HP+300/390)


???

20 00 80 06 01 00 00 00 02 20 (D.Enrgy)


???

20 00 80 06 01 00 00 00 00 38 (UndrShrt/60)


???

20 00 DC FE FC 00 00 00
20 00 00 00 FC 00 00 00


???

20 00 C2 00 B6 FD 00 00
20 00 38 02 5C FF 00 00


???

20 00 C4 FF E4 FD 00 00
20 00 CC FF 0C 02 00 00


???

20 00 26 01 76 01 00 00
20 00 A4 FF F4 00 00 00


???

20 00 F4 01 74 00 00 00
20 00 94 01 74 00 00 00


???

20 00 08 FD 98 00 00 00
20 00 60 FF F0 02 00 00


???

20 00 54 FE 64 01 00 00 
20 00 F4 FF 24 02 00 00
20 00 54 FE 64 01 00 00


???

20 00 80 06 01 00 00 00 C5 00 (DrknssHole)
20 00 80 06 01 00 00 00 CA 00 (DestrMissl)


???

20 00 80 06 01 00 00 00 C6 38 (UndrShrt/5)
20 00 80 06 01 00 00 00 C9 38 (Reflect/150)
20 00 80 06 01 00 00 00 CA 38 (FstBarr/30)


???

20 00 80 06 01 00 00 00 D2 38 (+PoisPnl/120)
20 00 80 06 01 00 00 00 D1 38 (+GNulPnl/140)
20 00 80 06 01 00 00 00 D8 38 (HP+400/430)


???

20 00 80 06 01 00 00 00 97 00 (SpadMagns)
20 00 80 06 10 27 00 00 00 08 (10000z)
28 00 80 06 01 00 00 00 D4 38 (HP+50/90)


???

20 00 80 06 01 00 00 00 97 00 (SpadMagns)
20 00 80 06 10 27 00 00 00 08 (10000z)
28 00 80 06 01 00 00 00 D4 38 (HP+50/90)


???

20 00 80 06 01 00 00 00 A9 00 (AcidAce)
20 00 80 06 01 00 00 00 A4 00 (JackCorvs[V2])
20 00 80 06 01 00 00 00 B1 38 (AirShoes/350)
20 00 80 06 01 00 00 00 CE 38 (+WoodPnl/150)


???

20 00 80 06 01 00 00 00 A9 00 (AcidAce)
20 00 80 06 01 00 00 00 A4 00 (JackCorvs[V2])
20 00 80 06 01 00 00 00 B1 38 (AirShoes/350)
20 00 80 06 01 00 00 00 CE 38 (+WoodPnl/150)


???

20 00 80 06 01 00 00 00 D4 38 (HP+50/90)
20 00 80 06 01 00 00 00 D5 38 (HP+100/170)
20 00 80 06 01 00 00 00 CC 38 (+X-Shot/90)
20 00 80 06 01 00 00 00 CF 38 (+IcePnl/160)


???

20 00 80 06 01 00 00 00 C8 38 (FlotShoe/210)
20 00 80 06 01 00 00 00 CD 38 (+SprdSht/140)
20 00 80 06 01 00 00 00 D5 38 (HP+100/170)
20 00 80 06 01 00 00 00 C6 38 (UndrShrt/5)


???

20 00 80 06 01 00 00 00 C8 38 (FlotShoe/210)
20 00 80 06 01 00 00 00 CD 38 (+SprdSht/140)
20 00 80 06 01 00 00 00 D6 38 (HP+200/250)
20 00 80 06 01 00 00 00 C6 38 (UndrShrt/5)


???

20 00 80 06 01 00 00 00 D0 38 (+ParaPnl/180)
20 00 80 06 01 00 00 00 C4 38 (MegCls+1/360)
20 00 80 06 01 00 00 00 C5 38 (GigCls+1/650)
20 00 80 06 01 00 00 00 C3 38 (HP+500/540)


???

20 00 80 06 01 00 00 00 D0 38 (+ParaPnl/180)
20 00 80 06 01 00 00 00 C4 38 (MegCls+1/360)
20 00 80 06 01 00 00 00 C5 38 (GigCls+1/650)
20 00 80 06 01 00 00 00 C3 38 (HP+500/540)


???

20 00 80 06 01 00 00 00 97 00 (SpadMagns)
20 00 80 06 01 00 00 00 D4 38 (HP+50/90)
20 00 80 06 01 00 00 00 D5 38 (HP+100/170)
20 00 80 06 01 00 00 00 85 00 (Recover300)


???

20 00 80 06 01 00 00 00 9A 00 (DiamndIce)
20 00 80 06 01 00 00 00 98 00 (SpadMagns[V2])
20 00 80 06 01 00 00 00 D6 38 (HP+200/250)
20 00 80 06 01 00 00 00 C6 38 (UndrShrt/5)


???

20 00 80 06 01 00 00 00 9A 00 (DiamndIce)
20 00 80 06 01 00 00 00 98 00 (SpadMagns[V2])
20 00 80 06 01 00 00 00 D6 38 (HP+200/250)
20 00 80 06 01 00 00 00 C6 38 (UndrShrt/5)


???

20 00 80 06 01 00 00 00 9A 00 (DiamndIce)
20 00 80 06 01 00 00 00 98 00 (SpadMagns[V2])
20 00 80 06 01 00 00 00 D6 38 (HP+200/250)
20 00 80 06 01 00 00 00 C6 38 (UndrShrt/5)


???

20 00 80 06 01 00 00 00 9A 00 (DiamndIce)
20 00 80 06 01 00 00 00 98 00 (SpadMagns[V2])
20 00 80 06 01 00 00 00 D5 38 (HP+100/170)
20 00 80 06 01 00 00 00 CA 38 (FstBarr/30)


???

20 00 80 06 01 00 00 00 9A 00 (DiamndIce)
20 00 80 06 01 00 00 00 98 00 (SpadMagns[V2])
20 00 80 06 01 00 00 00 D5 38 (HP+100/170)
20 00 80 06 01 00 00 00 CA 38 (FstBarr/30)


???

20 00 80 06 01 00 00 00 A0 00 (QueenVrgo)
20 00 80 06 01 00 00 00 C6 38 (UndrShrt/5)
20 00 80 06 01 00 00 00 D6 38 (HP+200/250)
20 00 80 06 01 00 00 00 D7 38 (HP+300/340)


???

20 00 80 06 01 00 00 00 A3 00 (JackCorvs)
20 00 80 06 01 00 00 00 D8 38 (HP+400/430)
20 00 80 06 01 00 00 00 CC 38 (+X-Shot/90)
20 00 80 06 01 00 00 00 CF 38 (+IcePnl/160)


???

20 00 80 06 01 00 00 00 A3 00 (JackCorvs)
20 00 80 06 01 00 00 00 D8 38 (HP+400/430)
20 00 80 06 01 00 00 00 CC 38 (+X-Shot/90)
20 00 80 06 01 00 00 00 CF 38 (+IcePnl/160)


???

20 00 80 06 01 00 00 00 A9 00 (AcidAce)
20 00 80 06 01 00 00 00 A4 00 (JackCorvs[V2])
20 00 80 06 01 00 00 00 B1 38 (AirShoes/350)
20 00 80 06 01 00 00 00 CE 38 (+WoodPnl/150)


???

20 00 80 06 01 00 00 00 9D 00 (ClubStrng)
20 00 80 06 01 00 00 00 9B 00 (DiamndIce[V2])
20 00 80 06 01 00 00 00 D7 38 (HP+300/340)
20 00 80 06 01 00 00 00 CB 38 (+V-Shot/50)
20 00 80 06 01 00 00 00 C9 38 (Reflect/150)


???

20 00 80 06 01 00 00 00 A3 00 (JackCorvs)
20 00 80 06 01 00 00 00 A0 00 (QueenVrgo)
20 00 80 06 01 00 00 00 D8 38 (HP+400/430)
20 00 80 06 01 00 00 00 CC 38 (+X-Shot/90)
20 00 80 06 01 00 00 00 CF 38 (+IcePnl/160)


???

20 00 80 06 01 00 00 00 A3 00 (JackCorvs)
20 00 80 06 01 00 00 00 A0 00 (QueenVrgo)
20 00 80 06 01 00 00 00 D8 38 (HP+400/430)
20 00 80 06 01 00 00 00 CC 38 (+X-Shot/90)
20 00 80 06 01 00 00 00 CF 38 (+IcePnl/160)


Spica Mall GMD

20 00 80 06 E0 01 00 00 00 08 (480z)
20 00 80 06 30 02 00 00 00 08 (560z)
20 00 80 06 80 02 00 00 00 08 (640z)
20 00 80 06 D0 02 00 00 00 08 (720z)
20 00 80 06 01 00 00 00 39 00 (WideWave1)
20 00 80 06 01 00 00 00 3F 00 (SharkAtk1)
20 00 80 06 01 00 00 00 68 38 (HP+100/220)


Luna's House CC First GMD

20 00 80 06 2C 01 00 00 00 08 (300z)
20 00 80 06 54 01 00 00 00 08 (340z)
20 00 80 06 7C 01 00 00 00 08 (380z)
20 00 80 06 A4 01 00 00 00 08 (420z)
20 00 80 06 01 00 00 00 7F 00 (Recover30)
20 00 80 06 01 00 00 00 96 00 (Attack+10)
20 00 80 06 01 00 00 00 89 00 (Invisible)


Luna's House CC Second GMD

20 00 80 06 04 01 00 00 00 08 (260z)
20 00 80 06 18 01 00 00 00 08 (280z)
20 00 80 06 40 01 00 00 00 08 (320z)
20 00 80 06 68 01 00 00 00 08 (360z)
20 00 80 06 01 00 00 00 15 00 (LongSword)
2E 00 80 06 01 00 00 00 7D 00 (GravtyPlus)
20 00 80 06 01 00 00 00 21 00 (JetAttack1)


Memorial Tree CC First GMD

20 00 80 06 2C 01 00 00 00 08 (300z)
20 00 80 06 54 01 00 00 00 08 (340z)
20 00 80 06 7C 01 00 00 00 08 (380z)
20 00 80 06 A4 01 00 00 00 08 (420z)
20 00 80 06 01 00 00 00 96 00 (Attack+10)
20 00 80 06 01 00 00 00 7D 00 (GravtyPlus)
20 00 80 06 01 00 00 00 89 00 (Invisible)


Memorial Tree CC Second GMD

20 00 80 06 BE 00 00 00 00 08 (190z)
20 00 80 06 FA 00 00 00 00 08 (250z)
20 00 80 06 36 01 00 00 00 08 (310z)
20 00 80 06 72 01 00 00 00 08 (370z)
20 00 80 06 01 00 00 00 7D 00 (GravtyPlus)
20 00 80 06 01 00 00 00 14 00 (WideSword)
20 00 80 06 01 00 00 00 1E 00 (GrandWave1)


Security Sys CC First GMD

20 00 80 06 C8 00 00 00 00 08 (200z)
20 00 80 06 FA 00 00 00 00 08 (250z)
20 00 80 06 2C 01 00 00 00 08 (300z)
20 00 80 06 5E 01 00 00 00 08 (350z)
20 00 80 06 01 00 00 00 89 00 (Invisible)
20 00 80 06 01 00 00 00 86 00 (Barrier)
20 00 80 06 01 00 00 00 96 00 (Attack+10)


Security Sys CC Second GMD

20 00 80 06 B4 00 00 00 00 08 (180z)
20 00 80 06 E6 00 00 00 00 08 (230z)
20 00 80 06 18 01 00 00 00 08 (280z)
20 00 80 06 40 01 00 00 00 08 (320z)
20 00 80 06 01 00 00 00 89 00 (Invisible)
20 00 80 06 01 00 00 00 86 00 (Barrier)
20 00 80 06 01 00 00 00 7D 00 (GravtyPlus)


Rocket CC1 First GMD

20 00 80 06 5E 01 00 00 00 08 (350z)
20 00 80 06 86 01 00 00 00 08 (390z)
20 00 80 06 AE 01 00 00 00 08 (430z)
20 00 80 06 CC 01 00 00 00 08 (460z)
20 00 80 06 01 00 00 00 66 00 (MadVulcn1)
20 00 80 06 01 00 00 00 13 00 (Sword)
20 00 80 06 01 00 00 00 7F 00 (Recover30)


Rocket CC2 Second GMD

20 00 80 06 4A 01 00 00 00 08 (330z)
20 00 80 06 72 01 00 00 00 08 (370z)
20 00 80 06 9A 01 00 00 00 08 (410z)
20 00 80 06 C2 01 00 00 00 08 (450z)
20 00 80 06 01 00 00 00 89 00 (Invisible)
20 00 80 06 01 00 00 00 66 00 (MadVulcn1)
20 00 80 06 01 00 00 00 90 00 (GrassStage)


WBG Studios Pond GMD

20 00 80 06 DC 00 00 00 00 08 (220z)
20 00 80 06 F0 00 00 00 00 08 (240z)
20 00 80 06 18 01 00 00 00 08 (280z)
20 00 80 06 40 01 00 00 00 08 (320z)
20 00 80 06 01 00 00 00 5D 00 (BuzzSaw1)
20 00 80 06 01 00 00 00 80 00 (Recover50)
20 00 80 06 01 00 00 00 06 00 (AirSpread2)


WBG Studios Road GMD

20 00 80 06 A0 00 00 00 00 08 (160z)
20 00 80 06 C8 00 00 00 00 08 (200z)
20 00 80 06 F0 00 00 00 00 08 (240z)
20 00 80 06 2C 01 00 00 00 08 (300z)
20 00 80 06 01 00 00 00 0C 00 (BeastSlap1)
20 00 80 06 01 00 00 00 4E 00 (FlashStrk1)
20 00 80 06 01 00 00 00 30 00 (HeatUppr1)


Event Stage GMD

20 00 80 06 18 01 00 00 00 08 (280z)
20 00 80 06 40 01 00 00 00 08 (320z)
20 00 80 06 68 01 00 00 00 08 (360z)
20 00 80 06 90 01 00 00 00 08 (400z)
20 00 80 06 01 00 00 00 91 00 (IceStage)
20 00 80 06 01 00 00 00 0C 00 (BeastSlap1)
20 00 80 06 01 00 00 00 80 00 (Recover50)


Event Stage CC1 First GMD

20 00 80 06 C8 00 00 00 00 08 (200z)
20 00 80 06 18 01 00 00 00 08 (280z)
20 00 80 06 68 01 00 00 00 08 (360z)
20 00 80 06 E0 01 00 00 00 08 (480z)
20 00 80 06 01 00 00 00 91 00 (IceStage)
20 00 80 06 01 00 00 00 67 38 (HP+50/120)
20 00 80 06 01 00 00 00 39 00 (WideWave1)


Event Stage CC1 Second GMD

20 00 80 06 BE 00 00 00 00 08 (190z)
20 00 80 06 F0 00 00 00 00 08 (240z)
20 00 80 06 22 01 00 00 00 08 (290z)
20 00 80 06 68 01 00 00 00 08 (360z)
20 00 80 06 01 00 00 00 79 00 (DivideLine)
20 00 80 06 01 00 00 00 94 00 (AtkPanel)
20 00 80 06 01 00 00 00 67 38 (HP+50/120)


???

20 00 80 06 B4 00 00 00 00 08 (180z)
20 00 80 06 DC 00 00 00 00 08 (220z)
20 00 80 06 5E 01 00 00 00 08 (350z)
20 00 80 06 CC 01 00 00 00 08 (460z)
20 00 80 06 01 00 00 00 67 38 (HP+50/120)
20 00 80 06 01 00 00 00 42 00 (IceSpin1)
20 00 80 06 01 00 00 00 7D 00 (GravtyPlus)


???

20 00 80 06 D2 00 00 00 00 08 (210z)
20 00 80 06 22 01 00 00 00 08 (290z)
20 00 80 06 54 01 00 00 00 08 (340z)
20 00 80 06 E0 01 00 00 00 08 (480z)
20 00 80 06 01 00 00 00 91 00 (IceStage)
20 00 80 06 01 00 00 00 39 00 (WideWave1)
20 00 80 06 01 00 00 00 67 38 (HP+50/120)


???

20 00 80 06 F4 01 00 00 00 08 (500z)
20 00 80 06 08 02 00 00 00 08 (520z)
20 00 80 06 1C 02 00 00 00 08 (540z)
20 00 80 06 44 02 00 00 00 08 (580z)
20 00 80 06 01 00 00 00 0F 00 (WindyAtk1)
20 00 80 06 01 00 00 00 06 00 (AirSpread2)
10 00 80 06 01 00 00 00 8A 00 (Whistle)


???

20 00 80 06 C2 01 00 00 00 08 (450z)
20 00 80 06 1C 02 00 00 00 08 (540z)
20 00 80 06 76 02 00 00 00 08 (630z)
20 00 80 06 D0 02 00 00 00 08 (720z)
20 00 80 06 01 00 00 00 0F 00 (WindyAtk1)
20 00 80 06 01 00 00 00 36 00 (MadFire1)
20 00 80 06 01 00 00 00 57 00 (PollnShot1)


???

20 00 80 06 12 02 00 00 00 08 (530z)
20 00 80 06 B2 02 00 00 00 08 (690z)
20 00 80 06 52 03 00 00 00 08 (850z)
20 00 80 06 98 03 00 00 00 08 (920z)
12 00 80 06 01 00 00 00 B0 38 (UndrShrt/30)
20 00 80 06 01 00 00 00 07 00 (AirSpread3)
20 00 80 06 01 00 00 00 3C 00 (BubblHook1)


Natl Astro Wave1 Noise Wave GMD

20 00 80 06 F4 01 00 00 00 08 (500z)
20 00 80 06 30 02 00 00 00 08 (560z)
20 00 80 06 6C 02 00 00 00 08 (620z)
20 00 80 06 A8 02 00 00 00 08 (680z)
20 00 80 06 01 00 00 00 A8 38 (HP+50/110)
20 00 80 06 01 00 00 00 42 00 (IceSpin1)
20 00 80 06 01 00 00 00 30 00 (HeatUppr1)


Natl Astro Wave1 WAZA GMD

20 00 80 06 1C 02 00 00 00 08 (540z)
20 00 80 06 58 02 00 00 00 08 (600z)
20 00 80 06 94 02 00 00 00 08 (660z)
20 00 80 06 D0 02 00 00 00 08 (720z)
20 00 80 06 01 00 00 00 0E 38 (+X-Shot/150)
20 00 80 06 01 00 00 00 5D 00 (BuzzSaw1)
20 00 80 06 01 00 00 00 39 00 (WideWave1)


Natl Astro Wave2 Top GMD

20 00 80 06 72 01 00 00 00 08 (370z)
20 00 80 06 B8 01 00 00 00 08 (440z)
20 00 80 06 FE 01 00 00 00 08 (510z)
20 00 80 06 44 02 00 00 00 08 (580z)
20 00 80 06 01 00 00 00 9E 38 (+V-Shot/80)
20 00 80 06 01 00 00 00 30 00 (HeatUppr1)
20 00 80 06 01 00 00 00 42 00 (IceSpin1)


???

20 00 80 06 52 03 00 00 00 08 (850z)
20 00 80 06 B6 03 00 00 00 08 (950z)
20 00 80 06 4C 04 00 00 00 08 (1100z)
20 00 80 06 E2 04 00 00 00 08 (1250z)
20 00 80 06 01 00 00 00 5A 00 (AcornBomb1)
10 00 80 06 01 00 00 00 B3 38 (Reflect/200)
20 00 80 06 01 00 00 00 40 00 (SharkAtk2)


???

20 00 80 06 56 04 00 00 00 08 (1110z)
20 00 80 06 CE 04 00 00 00 08 (1230z)
20 00 80 06 46 05 00 00 00 08 (1350z)
20 00 80 06 BE 05 00 00 00 08 (1470z)
20 00 80 06 01 00 00 00 B6 38 (+X-Shot/110)
20 00 80 06 01 00 00 00 63 00 (SkullArrw1)
20 00 80 06 01 00 00 00 33 00 (MechFlame1)


???

20 00 80 06 A2 03 00 00 00 08 (930z)
20 00 80 06 6A 04 00 00 00 08 (1130z)
20 00 80 06 32 05 00 00 00 08 (1330z)
20 00 80 06 FA 05 00 00 00 08 (1530z)
20 00 80 06 01 00 00 00 B6 38 (+X-Shot/110)
20 00 80 06 01 00 00 00 87 00 (SprBarrier)
20 00 80 06 01 00 00 00 24 00 (Buki1)


???

20 00 80 06 E8 03 00 00 00 08 (1000z)
20 00 80 06 4C 04 00 00 00 08 (1100z)
20 00 80 06 B0 04 00 00 00 08 (1200z)
20 00 80 06 14 05 00 00 00 08 (1300z)
20 00 80 06 01 00 00 00 AA 38 (HP+200/290)
20 00 80 06 01 00 00 00 61 00 (Bushido2)
20 00 80 06 01 00 00 00 69 00 (MuTech1)


???

20 00 80 06 7E 04 00 00 00 08 (1150z)
20 00 80 06 EC 04 00 00 00 08 (1260z)
20 00 80 06 5A 05 00 00 00 08 (1370z)
20 00 80 06 C8 05 00 00 00 08 (1480z)
20 00 80 06 01 00 00 00 0A 00 (DrillArm2)
12 00 80 06 01 00 00 00 A0 38 (+SprdSht/180)
20 00 80 06 01 00 00 00 43 00 (IceSpin2)


???

20 00 80 06 34 03 00 00 00 08 (820z)
20 00 80 06 CA 03 00 00 00 08 (970z)
20 00 80 06 60 04 00 00 00 08 (1120z)
20 00 80 06 F6 04 00 00 00 08 (1270z)
20 00 80 06 01 00 00 00 33 00 (MechFlame1)
14 00 80 06 01 00 00 00 B4 38 (FstBarr/40)
20 00 80 06 01 00 00 00 51 00 (ArachAtk1)


???

20 00 80 06 BC 02 00 00 00 08 (700z)
20 00 80 06 B6 03 00 00 00 08 (950z)
20 00 80 06 B0 04 00 00 00 08 (1200z)
20 00 80 06 AA 05 00 00 00 08 (1450z)
18 00 80 06 01 00 00 00 AB 38 (HP+300/390)
20 00 80 06 01 00 00 00 51 00 (ArachAtk1)
20 00 80 06 01 00 00 00 4F 00 (FlashStrk2)


???

20 00 80 06 B0 04 00 00 00 08 (1200z)
20 00 80 06 14 05 00 00 00 08 (1300z)
20 00 80 06 78 05 00 00 00 08 (1400z)
20 00 80 06 DC 05 00 00 00 08 (1500z)
20 00 80 06 01 00 00 00 AB 38 (HP+300/390)
20 00 80 06 01 00 00 00 B8 38 (+WoodPnl/170)
20 00 80 06 01 00 00 00 33 00 (MechFlame1)
1A 00 80 06 01 00 00 00 0E 00 (BeastSlap3)


???

20 00 80 06 28 05 00 00 00 08 (1320z)
20 00 80 06 6E 05 00 00 00 08 (1390z)
20 00 80 06 B4 05 00 00 00 08 (1460z)
20 00 80 06 FA 05 00 00 00 08 (1530z)
20 00 80 06 01 00 00 00 B8 38 (+WoodPnl/170)
20 00 80 06 01 00 00 00 69 00 (BuzzSaw2)
20 00 80 06 01 00 00 00 6D 38 (HP+400/490)
1C 00 80 06 01 00 00 00 0E 00 (BeastSlap3)


???

20 00 80 06 F6 04 00 00 00 08 (1270z)
20 00 80 06 64 05 00 00 00 08 (1380z)
20 00 80 06 D2 05 00 00 00 08 (1490z)
20 00 80 06 40 06 00 00 00 08 (1600z)
20 00 80 06 01 00 00 00 B8 38 (+WoodPnl/170)
20 00 80 06 01 00 00 00 A3 38 (+ParaPnl/230)
20 00 80 06 01 00 00 00 72 00 (BlackHole1)
20 00 80 06 01 00 00 00 0E 00 (BeastSlap3)


???

20 00 80 06 A0 05 00 00 00 08 (1440z)
20 00 80 06 F0 05 00 00 00 08 (1520z)
20 00 80 06 40 06 00 00 00 08 (1600z)
20 00 80 06 90 06 00 00 00 08 (1680z)
20 00 80 06 01 00 00 00 B7 38 (+SprdSht/160)
0C 00 80 06 01 00 00 00 B2 38 (FlotShoe/240)
20 00 80 06 01 00 00 00 5E 00 (BuzzSaw2)
20 00 80 06 01 00 00 00 0E 00 (BeastSlap3)


???

20 00 80 06 AA 05 00 00 00 08 (1450z)
20 00 80 06 0E 06 00 00 00 08 (1550z)
20 00 80 06 72 06 00 00 00 08 (1650z)
20 00 80 06 D6 06 00 00 00 08 (1750z)
20 00 80 06 01 00 00 00 A4 38 (+GNulPnl/190)
20 00 80 06 01 00 00 00 69 00 (MuTech1)
20 00 80 06 01 00 00 00 4B 00 (ThndrHead1)
0C 00 80 06 01 00 00 00 B2 38 (FlotShoe/240)


???

20 00 80 06 40 06 00 00 00 08 (1600z)
20 00 80 06 86 06 00 00 00 08 (1670z)
20 00 80 06 08 07 00 00 00 08 (1800z)
20 00 80 06 4E 07 00 00 00 08 (1870z)
20 00 80 06 01 00 00 00 6D 38 (HP+400/490)
20 00 80 06 01 00 00 00 28 00 (SmileCoin2)
20 00 80 06 01 00 00 00 31 00 (HeatUppr2)
0C 00 80 06 01 00 00 00 B2 38 (FlotShoe/240)


???

20 00 80 06 CC 06 00 00 00 08 (1740z)
20 00 80 06 26 07 00 00 00 08 (1830z)
20 00 80 06 80 07 00 00 00 08 (1920z)
20 00 80 06 DA 07 00 00 00 08 (2010z)
20 00 80 06 01 00 00 00 61 00 (Bushido2)
20 00 80 06 01 00 00 00 43 00 (IceSpin2)
20 00 80 06 01 00 00 00 85 00 (Recover300)
0C 00 80 06 01 00 00 00 B2 38 (FlotShoe/240)


???

20 00 80 06 4A 06 00 00 00 08 (1610z)
20 00 80 06 A4 06 00 00 00 08 (1700z)
20 00 80 06 FE 06 00 00 00 08 (1790z)
20 00 80 06 58 07 00 00 00 08 (1880z)
0C 00 80 06 01 00 00 00 B2 38 (FlotShoe/240)
20 00 80 06 01 00 00 00 3A 00 (WideWave2)
20 00 80 06 01 00 00 00 3D 00 (BubblHook2)
10 00 80 06 01 00 00 00 93 00 (HolyPanel)


???

20 00 80 06 54 06 00 00 00 08 (1620z)
20 00 80 06 F4 06 00 00 00 08 (1780z)
20 00 80 06 30 07 00 00 00 08 (1840z)
20 00 80 06 A8 07 00 00 00 08 (1960z)
20 00 80 06 01 00 00 00 C1 38 (HP+300/370)
20 00 80 06 01 00 00 00 BA 38 (+ParaPnl/210)
20 00 80 06 01 00 00 00 32 00 (HeatUppr3)
20 00 80 06 01 00 00 00 68 00 (MadVulcn3)


???

20 00 80 06 80 07 00 00 00 08 (1920z)
20 00 80 06 DA 07 00 00 00 08 (2010z)
20 00 80 06 34 08 00 00 00 08 (2100z)
20 00 80 06 8E 08 00 00 00 08 (2190z)
20 00 80 06 01 00 00 00 AC 38 (HP+400/470)
20 00 80 06 01 00 00 00 A5 38 (+PoisPnl/250)
20 00 80 06 01 00 00 00 11 00 (WindyAtk3)
20 00 80 06 01 00 00 00 37 00 (MadFire2)


???

20 00 80 06 DC 05 00 00 00 08 (1500z)
20 00 80 06 4A 06 00 00 00 08 (1610z)
20 00 80 06 B8 06 00 00 00 08 (1720z)
20 00 80 06 26 07 00 00 00 08 (1830z)
1C 00 80 06 01 00 00 00 AC 38 (HP+400/470)
20 00 80 06 01 00 00 00 A5 38 (+PoisPnl/250)
20 00 80 06 01 00 00 00 2E 00 (TimeBomb2)
20 00 80 06 01 00 00 00 3A 00 (WideWave2)


???

20 00 80 06 C6 07 00 00 00 08 (1990z)
20 00 80 06 16 08 00 00 00 08 (2070z)
20 00 80 06 5C 08 00 00 00 08 (2140z)
20 00 80 06 98 08 00 00 00 08 (2200z)
1C 00 80 06 01 00 00 00 AC 38 (HP+400/470)
20 00 80 06 01 00 00 00 A5 38 (+PoisPnl/250)
20 00 80 06 01 00 00 00 85 00 (Recover300)
20 00 80 06 01 00 00 00 5E 00 (BuzzSaw2)


Rocket CC1 Second GMD

20 00 80 06 2C 01 00 00 00 08 (300z)
20 00 80 06 54 01 00 00 00 08 (340z)
20 00 80 06 7C 01 00 00 00 08 (380z)
20 00 80 06 A4 01 00 00 00 08 (420z)
20 00 80 06 01 00 00 00 08 00 (MiniGrnade)
20 00 80 06 01 00 00 00 21 00 (JetAttack1)
20 00 80 06 01 00 00 00 86 00 (Barrier)
20 00 80 06 01 00 00 00 0C 00 (BeastSlap1)


Rocket CC2 First GMD

20 00 80 06 40 01 00 00 00 08 (320z)
20 00 80 06 68 01 00 00 00 08 (360z)
20 00 80 06 90 01 00 00 00 08 (400z)
20 00 80 06 B8 01 00 00 00 08 (440z)
20 00 80 06 01 00 00 00 1E 00 (GrandWave2)
20 00 80 06 01 00 00 00 7D 00 (GravtyPlus)
20 00 80 06 01 00 00 00 05 00 (AirSpread1)
20 00 80 06 01 00 00 00 0C 00 (BeastSlap1)


WBG Main Bldg Top GMD

20 00 80 06 C8 00 00 00 00 08 (200z)
20 00 80 06 04 01 00 00 00 08 (260z)
20 00 80 06 40 01 00 00 00 08 (320z)
20 00 80 06 7C 01 00 00 00 08 (380z)
20 00 80 06 01 00 00 00 67 38 (HP+50/120)
20 00 80 06 01 00 00 00 04 00 (PlasmaGun)
20 00 80 06 01 00 00 00 79 00 (DivideLine)
20 00 80 06 01 00 00 00 06 00 (AirSpread2)


WBG Main Bldg Bottom GMD

20 00 80 06 A0 00 00 00 00 08 (160z)
20 00 80 06 B4 00 00 00 00 08 (180z)
20 00 80 06 04 01 00 00 00 08 (260z)
20 00 80 06 54 01 00 00 00 08 (340z)
20 00 80 06 01 00 00 00 67 38 (HP+50/120)
20 00 80 06 01 00 00 00 80 00 (Recover50)
20 00 80 06 01 00 00 00 39 00 (WideWave1)
20 00 80 06 01 00 00 00 06 00 (AirSpread2)


Stunt Car CC GMD

20 00 80 06 B4 00 00 00 00 08 (180z)
20 00 80 06 F0 00 00 00 00 08 (240z)
20 00 80 06 18 01 00 00 00 08 (280z)
20 00 80 06 54 01 00 00 00 08 (340z)
20 00 80 06 01 00 00 00 4E 00 (FlashStrk1)
18 00 80 06 01 00 00 00 94 00 (AtkPanel)
20 00 80 06 01 00 00 00 79 00 (DivideLine)
20 00 80 06 01 00 00 00 67 38 (HP+50/120)


Prop Cabinet CC GMD

20 00 80 06 AA 00 00 00 00 08 (170z)
20 00 80 06 E6 00 00 00 00 08 (230z)
20 00 80 06 5E 01 00 00 00 08 (350z)
20 00 80 06 CC 01 00 00 00 08 (460z)
20 00 80 06 01 00 00 00 67 38 (HP+50/120)
18 00 80 06 01 00 00 00 94 00 (AtkPanel)
20 00 80 06 01 00 00 00 4E 00 (FlashStrk1)
20 00 80 06 01 00 00 00 5D 00 (BuzzSaw1)


???

20 00 80 06 2C 01 00 00 00 08 (300z)
20 00 80 06 9A 01 00 00 00 08 (410z)
20 00 80 06 12 02 00 00 00 08 (530z)
20 00 80 06 8A 02 00 00 00 08 (650z)
20 00 80 06 01 00 00 00 5D 00 (BuzzSaw1)
20 00 80 06 01 00 00 00 39 00 (WideWave1)
20 00 80 06 01 00 00 00 0D 38 (+V-Shot/90)
20 00 80 06 01 00 00 00 06 00 (AirSpread2)


???

20 00 80 06 F0 00 00 00 00 08 (240z)
20 00 80 06 2C 01 00 00 00 08 (300z)
20 00 80 06 68 01 00 00 00 08 (360z)
20 00 80 06 90 01 00 00 00 08 (400z)
20 00 80 06 01 00 00 00 91 00 (IceStage)
20 00 80 06 01 00 00 00 42 00 (IceSpin1)
20 00 80 06 01 00 00 00 5D 00 (BuzzSaw1)
20 00 80 06 01 00 00 00 06 00 (AirSpread2)


???

20 00 80 06 90 01 00 00 00 08 (400z)
20 00 80 06 F4 01 00 00 00 08 (500z)
20 00 80 06 58 02 00 00 00 08 (600z)
20 00 80 06 BC 02 00 00 00 08 (700z)
20 00 80 06 01 00 00 00 06 00 (AirSpread2)
20 00 80 06 01 00 00 00 8A 00 (Whistle)
20 00 80 06 01 00 00 00 A8 38 (HP+50/110)
20 00 80 06 01 00 00 00 9E 38 (+V-Shot/80)


???

20 00 80 06 F4 01 00 00 00 08 (500z)
20 00 80 06 26 02 00 00 00 08 (550z)
20 00 80 06 8A 02 00 00 00 08 (650z)
20 00 80 06 EE 02 00 00 00 08 (750z)
20 00 80 06 01 00 00 00 02 00 (PlusCannon)
20 00 80 06 01 00 00 00 45 00 (StlthLzr1)
20 00 80 06 01 00 00 00 A8 38 (HP+50/110)
28 00 80 06 01 00 00 00 9E 38 (+V-Shot/80)


???

20 00 80 06 9A 01 00 00 00 08 (410z)
20 00 80 06 FE 01 00 00 00 08 (510z)
20 00 80 06 62 02 00 00 00 08 (610z)
20 00 80 06 2A 03 00 00 00 08 (810z)
20 00 80 06 01 00 00 00 06 00 (AirSpread2)
20 00 80 06 01 00 00 00 3F 00 (SharkAtk1)
20 00 80 06 01 00 00 00 A8 38 (HP+50/110)
20 00 80 06 01 00 00 00 9E 38 (+V-Shot/80)


???

20 00 80 06 40 01 00 00 00 08 (320z)
20 00 80 06 90 01 00 00 00 08 (400z)
20 00 80 06 08 02 00 00 00 08 (520z)
20 00 80 06 58 02 00 00 00 08 (600z)
20 00 80 06 01 00 00 00 A8 38 (HP+50/110)
20 00 80 06 01 00 00 00 0F 00 (WindyAtk1)
20 00 80 06 01 00 00 00 45 00 (StlthLzr1)
20 00 80 06 01 00 00 00 9E 38 (+V-Shot/80)


???

20 00 80 06 C8 00 00 00 00 08 (200z)
20 00 80 06 90 01 00 00 00 08 (400z)
20 00 80 06 58 02 00 00 00 08 (600z)
20 00 80 06 20 03 00 00 00 08 (800z)
20 00 80 06 01 00 00 00 02 00 (PlusCannon)
20 00 80 06 01 00 00 00 36 00 (MadFire1)
20 00 80 06 01 00 00 00 60 00 (Bushido1)
10 00 80 06 01 00 00 00 8A 00 (Whistle)


???

20 00 80 06 72 01 00 00 00 08 (370z)
20 00 80 06 C2 01 00 00 00 08 (450z)
20 00 80 06 FE 01 00 00 00 08 (510z)
20 00 80 06 44 02 00 00 00 08 (580z)
28 00 80 06 01 00 00 00 92 38 (UndrShrt/50)
20 00 80 06 01 00 00 00 9E 38 (+V-Shot/80)
20 00 80 06 01 00 00 00 02 00 (PlusCannon)
20 00 80 06 01 00 00 00 0F 00 (WindyAtk1)


???

20 00 80 06 A4 01 00 00 00 08 (420z)
20 00 80 06 E0 01 00 00 00 08 (480z)
20 00 80 06 1C 02 00 00 00 08 (540z)
20 00 80 06 58 02 00 00 00 08 (600z)
28 00 80 06 01 00 00 00 92 38 (UndrShrt/50)
20 00 80 06 01 00 00 00 3F 00 (SharkAtk1)
20 00 80 06 01 00 00 00 60 00 (Bushido1)
20 00 80 06 01 00 00 00 0F 00 (WindyAtk1)


???

20 00 80 06 CC 01 00 00 00 08 (460z)
20 00 80 06 12 02 00 00 00 08 (530z)
20 00 80 06 58 02 00 00 00 08 (600z)
20 00 80 06 9E 02 00 00 00 08 (670z)
20 00 80 06 01 00 00 00 9E 38 (+V-Shot/80)
20 00 80 06 01 00 00 00 57 00 (PollnShot1)
20 00 80 06 01 00 00 00 8A 00 (Whistle)
20 00 80 06 01 00 00 00 92 38 (UndrShrt/50)


???

20 00 80 06 26 02 00 00 00 08 (550z)
20 00 80 06 8A 02 00 00 00 08 (650z)
20 00 80 06 EE 02 00 00 00 08 (750z)
20 00 80 06 52 03 00 00 00 08 (850z)
20 00 80 06 01 00 00 00 9C 38 (FstBarr/50)
20 00 80 06 01 00 00 00 6A 38 (HP+200/310)
18 00 80 06 01 00 00 00 07 00 (AirSpread3)
20 00 80 06 01 00 00 00 81 00 (Recover80)


???

20 00 80 06 58 02 00 00 00 08 (600z)
20 00 80 06 9E 02 00 00 00 08 (670z)
20 00 80 06 E4 02 00 00 00 08 (740z)
20 00 80 06 2A 03 00 00 00 08 (810z)
2A 00 80 06 01 00 00 00 9C 38 (FstBarr/50)
20 00 80 06 01 00 00 00 B5 38 (+V-Shot/70)
20 00 80 06 01 00 00 00 18 00 (SyncHook2)
20 00 80 06 01 00 00 00 81 00 (Recover80)


???

20 00 80 06 58 02 00 00 00 08 (600z)
20 00 80 06 BC 02 00 00 00 08 (700z)
20 00 80 06 20 03 00 00 00 08 (800z)
20 00 80 06 84 03 00 00 00 08 (900z)
20 00 80 06 01 00 00 00 B5 38 (+V-Shot/70)
20 00 80 06 01 00 00 00 BE 38 (HP+50/100)
18 00 80 06 01 00 00 00 8A 00 (Whistle)
20 00 80 06 01 00 00 00 18 00 (SyncHook2)


???

20 00 80 06 C2 01 00 00 00 08 (450z)
20 00 80 06 30 02 00 00 00 08 (560z)
20 00 80 06 9E 02 00 00 00 08 (670z)
20 00 80 06 0C 03 00 00 00 08 (780z)
20 00 80 06 01 00 00 00 6A 38 (HP+200/310)
20 00 80 06 01 00 00 00 BE 38 (HP+50/100)
20 00 80 06 01 00 00 00 54 00 (Shuriken1)
24 00 80 06 01 00 00 00 07 00 (AirSpread3)


???

20 00 80 06 62 02 00 00 00 08 (610z)
20 00 80 06 C6 02 00 00 00 08 (710z)
20 00 80 06 16 03 00 00 00 08 (790z)
20 00 80 06 70 03 00 00 00 08 (880z)
12 00 80 06 01 00 00 00 B0 38 (UndrShrt/80)
1A 00 80 06 01 00 00 00 BE 38 (HP+50/100)
28 00 80 06 01 00 00 00 60 00 (Bushido1)
24 00 80 06 01 00 00 00 07 00 (AirSpread3)


???

20 00 80 06 94 02 00 00 00 08 (660z)
20 00 80 06 0C 03 00 00 00 08 (780z)
20 00 80 06 66 03 00 00 00 08 (870z)
20 00 80 06 D4 03 00 00 00 08 (980z)
20 00 80 06 01 00 00 00 6A 38 (HP+200/310)
20 00 80 06 01 00 00 00 9C 38 (FstBarr/50)
20 00 80 06 01 00 00 00 1F 00 (GrandWave2)
20 00 80 06 01 00 00 00 18 00 (SyncHook2)


Natl Astro Wave2 Bottom GMD

20 00 80 06 9A 01 00 00 00 08 (410z)
20 00 80 06 EA 01 00 00 00 08 (490z)
20 00 80 06 3A 02 00 00 00 08 (570z)
20 00 80 06 8A 02 00 00 00 08 (650z)
20 00 80 06 01 00 00 00 9C 38 (FstBarr/50)
20 00 80 06 01 00 00 00 68 38 (HP+100/220)
20 00 80 06 01 00 00 00 8A 00 (Whistle)
20 00 80 06 01 00 00 00 5D 00 (BuzzSaw1)


???

20 00 80 06 A8 02 00 00 00 08 (680z)
20 00 80 06 D0 02 00 00 00 08 (720z)
20 00 80 06 70 03 00 00 00 08 (880z)
20 00 80 06 98 03 00 00 00 08 (920z)
28 00 80 06 01 00 00 00 A9 38 (HP+100/205)
20 00 80 06 01 00 00 00 87 00 (SprBarrier)
20 00 80 06 01 00 00 00 2D 00 (TimeBomb1)
20 00 80 06 01 00 00 00 5A 00 (AcornBomb1)


???

20 00 80 06 DA 02 00 00 00 08 (730z)
20 00 80 06 48 03 00 00 00 08 (840z)
20 00 80 06 B6 03 00 00 00 08 (950z)
20 00 80 06 24 04 00 00 00 08 (1060z)
20 00 80 06 01 00 00 00 A1 38 (+WoodPnl/200)
28 00 80 06 01 00 00 00 03 00 (HevyCannon)
28 00 80 06 01 00 00 00 A9 38 (HP+100/205)
20 00 80 06 01 00 00 00 81 00 (Recover80)


???

20 00 80 06 48 03 00 00 00 08 (840z)
20 00 80 06 C0 03 00 00 00 08 (960z)
20 00 80 06 38 04 00 00 00 08 (1080z)
20 00 80 06 B0 04 00 00 00 08 (1200z)
20 00 80 06 01 00 00 00 AA 38 (HP+200/290)
10 00 80 06 01 00 00 00 B3 38 (Reflect/200)
20 00 80 06 01 00 00 00 61 00 (Bushido2)
20 00 80 06 01 00 00 00 2D 00 (TimeBomb1)


???

20 00 80 06 D4 03 00 00 00 08 (980z)
20 00 80 06 74 04 00 00 00 08 (1140z)
20 00 80 06 14 05 00 00 00 08 (1300z)
20 00 80 06 01 00 00 00 A9 38 (HP+100/205)
20 00 80 06 01 00 00 00 AA 38 (HP+200/290)
20 00 80 06 01 00 00 00 0A 00 (DrillArm2)
20 00 80 06 01 00 00 00 3A 00 (WideWave2)
20 00 80 06 01 00 00 00 68 00 (MadVulcn3)


???

20 00 80 06 1A 04 00 00 00 08 (1050z)
20 00 80 06 74 04 00 00 00 08 (1140z)
20 00 80 06 CE 04 00 00 00 08 (1230z)
20 00 80 06 01 00 00 00 A9 38 (HP+100/205)
20 00 80 06 01 00 00 00 B6 38 (+X-Shot/110)
20 00 80 06 01 00 00 00 51 00 (ArachAtk1)
20 00 80 06 01 00 00 00 33 00 (MechFlame1)
1C 00 80 06 01 00 00 00 19 00 (SyncHook3)


???

20 00 80 06 52 03 00 00 00 08 (850z)
20 00 80 06 E8 03 00 00 00 08 (1000z)
20 00 80 06 7E 04 00 00 00 08 (1150z)
20 00 80 06 14 05 00 00 00 08 (1300z)
20 00 80 06 01 00 00 00 24 00 (Buki1)
20 00 80 06 01 00 00 00 46 00 (StlthLzr2)
28 00 80 06 01 00 00 00 0A 00 (DrillArm2)
20 00 80 06 01 00 00 00 A9 38 (HP+100/205)


???

20 00 80 06 84 03 00 00 00 08 (900z)
20 00 80 06 4C 04 00 00 00 08 (1100z)
20 00 80 06 14 05 00 00 00 08 (1300z)
20 00 80 06 DC 05 00 00 00 08 (1500z)
20 00 80 06 01 00 00 00 48 00 (MummyHand1)
20 00 80 06 01 00 00 00 63 00 (SkullArrw1)
20 00 80 06 01 00 00 00 61 00 (Bushido2)
20 00 80 06 01 00 00 00 19 00 (SyncHook3)


???

20 00 80 06 B6 03 00 00 00 08 (950z)
20 00 80 06 E8 03 00 00 00 08 (1000z)
20 00 80 06 4C 04 00 00 00 08 (1100z)
20 00 80 06 E2 04 00 00 00 08 (1250z)
20 00 80 06 01 00 00 00 27 00 (SmileCoin1)
20 00 80 06 01 00 00 00 19 00 (SyncHook3)
20 00 80 06 01 00 00 00 2D 00 (TimeBomb1)
20 00 80 06 01 00 00 00 3A 00 (WideWave2)


???

20 00 80 06 B6 03 00 00 00 08 (950z)
20 00 80 06 4C 04 00 00 00 08 (1100z)
20 00 80 06 E2 04 00 00 00 08 (1250z)
20 00 80 06 14 05 00 00 00 08 (1300z)
20 00 80 06 01 00 00 00 51 00 (ArachAtk1)
20 00 80 06 01 00 00 00 A3 38 (+ParaPnl/230)
20 00 80 06 01 00 00 00 48 00 (MummyHand1)
20 00 80 06 01 00 00 00 0A 00 (DrillArm2)


???

20 00 80 06 DE 03 00 00 00 08 (990z)
20 00 80 06 A6 04 00 00 00 08 (1190z)
20 00 80 06 EC 04 00 00 00 08 (1260z)
20 00 80 06 96 05 00 00 00 08 (1430z)
20 00 80 06 01 00 00 00 19 00 (SyncHook3)
20 00 80 06 01 00 00 00 A3 38 (+ParaPnl/230)
1C 00 80 06 01 00 00 00 AB 38 (HP+300/390)
20 00 80 06 01 00 00 00 68 00 (MadVulcn3)


???

20 00 80 06 42 04 00 00 00 08 (1090z)
20 00 80 06 B0 04 00 00 00 08 (1200z)
20 00 80 06 1E 05 00 00 00 08 (1310z)
20 00 80 06 8C 05 00 00 00 08 (1420z)
18 00 80 06 01 00 00 00 B4 38 (FstBarr/40)
18 00 80 06 01 00 00 00 B9 38 (+IcePnl/180)
20 00 80 06 01 00 00 00 0B 00 (DrillArm3)
20 00 80 06 01 00 00 00 4B 00 (ThndrHead1)


???

20 00 80 06 96 05 00 00 00 08 (1430z)
20 00 80 06 F0 05 00 00 00 08 (1520z)
20 00 80 06 40 06 00 00 00 08 (1600z)
20 00 80 06 86 06 00 00 00 08 (1670z)
20 00 80 06 01 00 00 00 0E 00 (BeastSlap3)
20 00 80 06 01 00 00 00 4B 00 (ThndrHead1)
20 00 80 06 01 00 00 00 AB 38 (HP+300/390)
20 00 80 06 01 00 00 00 B9 38 (+IcePnl/180)
20 00 80 06 01 00 00 00 B4 38 (FstBarr/40)


???

20 00 80 06 40 06 00 00 00 08 (1600z)
20 00 80 06 86 06 00 00 00 08 (1670z)
20 00 80 06 C2 06 00 00 00 08 (1730z)
20 00 80 06 F4 06 00 00 00 08 (1780z)
22 00 80 06 01 00 00 00 0B 00 (DrillArm3)
20 00 80 06 01 00 00 00 69 00 (MuTech1)
20 00 80 06 01 00 00 00 6D 38 (HP+400/490)
20 00 80 06 01 00 00 00 B9 38 (+IcePnl/180)
20 00 80 06 01 00 00 00 A3 38 (+ParaPnl/230)


???

20 00 80 06 C8 05 00 00 00 08 (1480z)
20 00 80 06 36 06 00 00 00 08 (1590z)
20 00 80 06 A4 06 00 00 00 08 (1700z)
20 00 80 06 08 07 00 00 00 08 (1800z)
20 00 80 06 01 00 00 00 6E 38 (HP+500/610)
20 00 80 06 01 00 00 00 B7 38 (+SprdSht/160)
20 00 80 06 01 00 00 00 1B 00 (SilvMeteor)
20 00 80 06 01 00 00 00 0B 00 (DrillArm3)
20 00 80 06 01 00 00 00 69 00 (MuTech1)


???

20 00 80 06 36 06 00 00 00 08 (1590z)
20 00 80 06 A4 06 00 00 00 08 (1700z)
20 00 80 06 FE 06 00 00 00 08 (1790z)
20 00 80 06 58 07 00 00 00 08 (1880z)
20 00 80 06 01 00 00 00 6E 38 (HP+500/610)
20 00 80 06 01 00 00 00 A4 38 (+GNulPnl/190)
20 00 80 06 01 00 00 00 0B 00 (DrillArm3)
20 00 80 06 01 00 00 00 24 00 (Buki1)
20 00 80 06 01 00 00 00 72 00 (BlackHole1)


???

20 00 80 06 90 06 00 00 00 08 (1680z)
20 00 80 06 F4 06 00 00 00 08 (1780z)
20 00 80 06 58 07 00 00 00 08 (1880z)
20 00 80 06 BC 07 00 00 00 08 (1980z)
20 00 80 06 01 00 00 00 6E 38 (HP+500/610)
20 00 80 06 01 00 00 00 A4 38 (+GNulPnl/190)
20 00 80 06 01 00 00 00 1B 00 (SilvMeteor)
20 00 80 06 01 00 00 00 0B 00 (DrillArm3)
20 00 80 06 01 00 00 00 1F 00 (GrandWave2)


???

20 00 80 06 EA 06 00 00 00 08 (1770z)
20 00 80 06 44 07 00 00 00 08 (1860z)
20 00 80 06 9E 07 00 00 00 08 (1950z)
20 00 80 06 F8 07 00 00 00 08 (2040z)
28 00 80 06 01 00 00 00 B7 38 (+SprdSht/160)
20 00 80 06 01 00 00 00 A4 38 (+GNulPnl/190)
20 00 80 06 01 00 00 00 11 00 (WindyAtk3)
20 00 80 06 01 00 00 00 33 00 (MechFlame1)
10 00 80 06 01 00 00 00 93 00 (HolyPanel)


???

20 00 80 06 96 05 00 00 00 08 (1430z)
20 00 80 06 68 06 00 00 00 08 (1640z)
20 00 80 06 3A 07 00 00 00 08 (1850z)
20 00 80 06 0C 08 00 00 00 08 (2060z)
20 00 80 06 01 00 00 00 C1 38 (HP+300/370)
20 00 80 06 01 00 00 00 BA 38 (+ParaPnl/210)
20 00 80 06 01 00 00 00 0B 00 (DrillArm3)
20 00 80 06 01 00 00 00 85 00 (Recover300)
20 00 80 06 01 00 00 00 4F 00 (FlashStrk2)


???

20 00 80 06 28 05 00 00 00 08 (1320z)
20 00 80 06 B4 05 00 00 00 08 (1460z)
20 00 80 06 40 06 00 00 00 08 (1600z)
20 00 80 06 CC 06 00 00 00 08 (1740z)
20 00 80 06 01 00 00 00 C1 38 (HP+300/370)
20 00 80 06 01 00 00 00 BA 38 (+ParaPnl/210)
20 00 80 06 01 00 00 00 58 00 (PollnShot2)
20 00 80 06 01 00 00 00 3D 00 (BubblHook2)
20 00 80 06 01 00 00 00 0E 00 (BeastSlap3)


Echo Ridge School Gate GMD

20 00 80 06 78 00 00 00 00 08 (120z)
20 00 80 06 A0 00 00 00 00 08 (160z)
20 00 80 06 C8 00 00 00 00 08 (200z)
20 00 80 06 2C 01 00 00 00 08 (300z)
20 00 80 06 01 00 00 00 15 00 (LongSword)
20 00 80 06 01 00 00 00 90 00 (GrassStage)
20 00 80 06 01 00 00 00 86 00 (Barrier)
2D 00 B2 07 01 00 00 00 95 38 (Reflect/230)
28 00 B2 07 01 00 00 00 9F 38 (+X-Shot/130)


Sci. Club Room

20 00 80 06 64 00 00 00 00 08 (100z)
20 00 80 06 96 00 00 00 00 08 (150z)
20 00 80 06 2C 01 00 00 00 08 (300z)
20 00 80 06 5E 01 00 00 00 08 (350z)
20 00 80 06 01 00 00 00 14 00 (WideSword)
20 00 80 06 01 00 00 00 90 00 (GrassStage)
20 00 80 06 01 00 00 00 66 00 (MadVulcn1)
2D 00 B2 07 01 00 00 00 0A 00 (DrillArm2)
28 00 B2 07 01 00 00 00 9F 38 (+X-Shot/130)


???

20 00 80 06 B0 04 00 00 00 08 (1200z)
20 00 80 06 0E 06 00 00 00 08 (1550z)
20 00 80 06 6C 07 00 00 00 08 (1900z)
20 00 80 06 CA 08 00 00 00 08 (2250z)
1C 00 80 06 01 00 00 00 BB 38 (+GNulPnl/170)
1E 00 80 06 01 00 00 00 C2 38 (HP+400/450)
14 00 80 06 01 00 00 00 88 00 (Aura)
20 00 80 06 01 00 00 00 1B 00 (SilvMeteor)
20 00 80 06 01 00 00 00 46 00 (StlthLzr2)


???

20 00 80 06 BC 07 00 00 00 08 (1980z)
20 00 80 06 2A 08 00 00 00 08 (2090z)
20 00 80 06 98 08 00 00 00 08 (2200z)
20 00 80 06 FC 08 00 00 00 08 (2300z)
20 00 80 06 01 00 00 00 BC 38 (+PoisPnl/230)
20 00 80 06 01 00 00 00 C2 38 (HP+400/450)
20 00 80 06 01 00 00 00 11 00 (WindyAtk3)
20 00 80 06 01 00 00 00 85 00 (Recover300)
20 00 80 06 01 00 00 00 2B 00 (BigDrop2)


???

20 00 80 06 BE 05 00 00 00 08 (1470z)
20 00 80 06 EA 06 00 00 00 08 (1770z)
20 00 80 06 16 08 00 00 00 08 (2070z)
20 00 80 06 42 09 00 00 00 08 (2370z)
20 00 80 06 01 00 00 00 BC 38 (+PoisPnl/230)
1C 00 80 06 01 00 00 00 AD 38 (HP+500/570)
14 00 80 06 01 00 00 00 88 00 (Aura)
20 00 80 06 01 00 00 00 1B 00 (SilvMeteor)
20 00 80 06 01 00 00 00 72 00 (BlackHole1)


???

20 00 80 06 88 04 00 00 00 08 (1160z)
20 00 80 06 CE 04 00 00 00 08 (1230z)
20 00 80 06 14 05 00 00 00 08 (1300z)
20 00 80 06 5A 05 00 00 00 08 (1370z)
20 00 80 06 01 00 00 00 AB 38 (HP+300/390)
18 00 80 06 01 00 00 00 B4 38 (FstBarr/40)
20 00 80 06 01 00 00 00 19 00 (SyncHook3)
26 00 80 06 01 00 00 00 24 00 (Buki1)
20 00 80 06 01 00 00 00 6D 38 (HP+400/490)


Echo Ridge BIG WAVE GMD

20 00 80 06 64 00 00 00 00 08 (100z)
20 00 80 06 96 00 00 00 00 08 (150z)
20 00 80 06 2C 01 00 00 00 08 (300z)
20 00 80 06 90 01 00 00 00 08 (400z)
20 00 80 06 01 00 00 00 96 00 (Attack+10)
20 00 80 06 01 00 00 00 13 00 (Sword)
20 00 80 06 01 00 00 00 90 00 (GrassStage)
2D 00 B2 07 01 00 00 00 95 38 (Reflect/230)
2D 00 B2 07 01 00 00 00 9F 38 (+X-Shot/130)
2D 00 B2 07 01 00 00 00 03 00 (HevyCannon)


1st Floor Hall

20 00 80 06 78 00 00 00 00 08 (120z)
20 00 80 06 AA 00 00 00 00 08 (170z)
20 00 80 06 BE 00 00 00 00 08 (190z)
20 00 80 06 E6 00 00 00 00 08 (230z)
20 00 80 06 01 00 00 00 90 00 (GrassStage)
20 00 80 06 01 00 00 00 7F 00 (Recover30)
20 00 80 06 01 00 00 00 21 00 (JetAttack1)
2A 00 B2 07 01 00 00 00 95 38 (Reflect/230)
2A 00 B2 07 01 00 00 00 9F 38 (+X-Shot/130)
2A 00 B2 07 01 00 00 00 03 00 (HevyCannon)


Roof GMD

20 00 80 06 78 00 00 00 00 08 (120z)
20 00 80 06 AA 00 00 00 00 08 (170z)
20 00 80 06 BE 00 00 00 00 08 (190z)
20 00 80 06 E6 00 00 00 00 08 (230z)
20 00 80 06 01 00 00 00 89 00 (Invisible)
20 00 80 06 01 00 00 00 96 00 (Attack+10)
20 00 80 06 01 00 00 00 90 00 (GrassStage)
2A 00 B2 07 01 00 00 00 95 38 (Reflect/230)
2A 00 B2 07 01 00 00 00 0A 00 (DrillArm2)
2A 00 B2 07 01 00 00 00 03 00 (HevyCannon)